9
4
     100      100
     500      100
     500      300
     100      300
10
   -0.5697     1.2944
   -1.0366   11.1322
    7.2472   18.6408
   -0.1569   16.1547
   -2.4356   21.3323
   -7.6132   19.0536
 -14.5521   26.0430
 -11.0817   12.8917
 -18.6408     7.2472
   -7.5086     8.2838
4
1 1
1 2
2 2
2 1
3
-0.1 -1000.1
-1000.34 2323.1239
4444.4444 3333.3333
4
0 0
9999999.999 -499
9888888.123 488888
-1009  477777.567567
27
23.0 124.0
128.0 14.0
118.0 99.0
203.0 16.0
652.0 16.0
632.0 323.0
472.0 155.0
350.0 173.0
397.0 341.0
543.0 489.0
626.0 482.0
656.0 486.0
661.0 531.0
660.0 550.0
661.0 608.0
625.0 643.0
388.0 633.0
368.0 470.0
232.0 474.0
275.0 588.0
106.0 566.0
156.0 408.0
51.0 414.0
103.0 356.0
45.0 344.0
122.0 225.0
58.0 182.0
21
628.0 25.0
573.0 28.0
465.0 31.0
419.0 49.0
395.0 88.0
324.0 75.0
250.0 36.0
176.0 20.0
56.0 14.0
43.0 126.0
94.0 83.0
136.0 136.0
178.0 109.0
224.0 166.0
311.0 101.0
379.0 140.0
493.0 104.0
552.0 153.0
609.0 105.0
649.0 151.0
674.0 101.0
61
112.0 382.0
112.0 381.0
95.0 345.0
65.0 290.0
50.0 223.0
43.0 174.0
59.0 115.0
108.0 49.0
161.0 28.0
209.0 21.0
296.0 29.0
359.0 49.0
381.0 131.0
361.0 157.0
332.0 181.0
290.0 226.0
329.0 281.0
439.0 290.0
471.0 271.0
450.0 226.0
456.0 176.0
501.0 183.0
565.0 208.0
577.0 121.0
572.0 74.0
622.0 35.0
750.0 39.0
893.0 56.0
926.0 119.0
943.0 185.0
909.0 199.0
796.0 183.0
725.0 139.0
702.0 144.0
734.0 223.0
817.0 252.0
871.0 254.0
949.0 308.0
953.0 389.0
834.0 388.0
743.0 403.0
814.0 537.0
929.0 624.0
942.0 779.0
874.0 813.0
762.0 826.0
666.0 821.0
566.0 820.0
456.0 825.0
350.0 818.0
342.0 703.0
473.0 684.0
679.0 696.0
731.0 680.0
604.0 595.0
425.0 565.0
297.0 561.0
182.0 595.0
122.0 576.0
75.0 514.0
62.0 390.0
47
87.0 14.0
49.0 81.0
83.0 103.0
57.0 200.0
122.0 187.0
105.0 270.0
148.0 255.0
119.0 347.0
165.0 343.0
104.0 447.0
142.0 466.0
89.0 553.0
212.0 580.0
230.0 645.0
287.0 659.0
393.0 659.0
500.0 653.0
567.0 634.0
613.0 573.0
617.0 492.0
511.0 431.0
494.0 510.0
402.0 469.0
388.0 385.0
430.0 317.0
531.0 306.0
575.0 290.0
612.0 191.0
589.0 121.0
458.0 82.0
377.0 84.0
328.0 109.0
335.0 151.0
376.0 186.0
380.0 221.0
286.0 263.0
280.0 272.0
300.0 380.0
264.0 423.0
200.0 440.0
207.0 319.0
244.0 227.0
205.0 175.0
228.0 116.0
293.0 85.0
332.0 36.0
331.0 14.0